AFG
2477.906
2059.95
1921.695
1320.535
950.897
1344.364
1223.441
1130.017
1057.778
985.222
904.047
820.163
1290.944
1334.268
1311.793
1389.895
1478.934
1829.792
1672.101
1900.219
1917.395
2013.614
2164.641
2229.907
2214.414
2128.162
2134.866
2229.658
2217.176
2229.362
AGO
4823.397
5380.463
2064.354
2024.85
1550.029
3396.198
3357.465
3962.468
3884.616
3507.965
3673.613
3882.75
4638.499
4662.816
4907.245
5365.88
5646.012
6329.901
6460.903
6966.947
6913.161
6887.004
7282.05
7478.856
7704.368
7652.152
7189.032
6861.581
6360.551
6104.055
ALB
4937.523
3496.39
3207.627
3684.634
4102.593
4771.803
5252.751
4681.337
5115.353
5715.555
6139.337
6660.765
6923.306
7337.603
7750.245
8198.824
8830.432
9433.901
10019.35
10240.67
10774.722
11237.447
11365.14
11806.358
11951.263
12273.473
12753.307
13071.095
13636.864
13998.3
AND
45393.316
44773.183
43487.951
41568.988
41401.23
41761.304
43356.786
47312.497
48964.85
50791.416
50582.018
51349.775
52559.056
56430.901
58307.002
60537.302
61622.55
60386.327
54423.801
52042.239
49261.522
47366.247
47347.416
48486.415
50567.87
51779.832
53245.151
54371.345
55253.539
56000.303
ARE
102433.229
96250.378
93043.562
92505.415
96784.515
101303.368
101490.336
103567.129
99915.86
98569.282
104640.376
103519.148
96736.703
97761.511
98236.247
92443.496
88502.479
79459.366
69814.622
59017.231
54911.287
56152.975
57447.351
60007.281
62499.798
65528.563
66881.303
67667.53
67195.144
67462.095
ARG
13596.806
14803.043
15939.693
17131.573
17873.687
17090.666
17781.697
18983.382
19425.823
18534.583
18179.279
17152.185
14726.896
16056.172
16057.505
17269.945
20124.485
21866.988
22550.99
20877.376
22727.026
23946.794
23516.322
23851.866
23047.63
23466.322
22696.694
22962.352
21917.855
21190.177
ARM
5191.433
4617.246
2731.82
2551.636
2742.735
3110.948
3336.185
3599.998
3780.689
3925.645
4180.319
4604.459
5267.561
6035.16
6758.189
7752.691
8888.536
10271.555
11137.353
9434.915
9752.83
10078.355
10830.657
11353.05
11519.553
11774.028
11570.238
12543.19
12895.063
13894.013
ATG
13231.748
13811.457
13841.528
14534.448
15140.795
14149.775
14841.067
15459.772
15914.965
16156.21
16430.584
15741.792
15358.275
16156.266
16811.279
17776.125
19756.993
21253.624
20819.103
18083.895
16802.54
16198.753
16562.031
16518.254
17032.811
17494.821
18106.805
18922.623
20139.353
20895.359
AUS
30297.214
29644.135
29453.532
30688.758
31715.497
32179.895
32953.936
33930.609
35188.051
36573.626
37638.192
37872.698
38941.937
39572.881
40670.064
41058.351
41485.601
42538.084
43360.565
43532.756
43580.053
43906.766
45312.573
45988.961
46401.055
47042.883
47467.522
47575.818
48023.773
48084.842
AUT
37993.682
38721.39
39021.282
38932.675
39634.11
40485.033
41521.145
42165.64
43562.672
44572.54
46309.162
46478.792
47396.033
47770.712
48830.394
49550.171
51239.523
52798.397
53905.115
51287.065
52564.175
53648.89
53642.219
53429.457
53291.766
52639.326
53682.165
54151.553
55533.48
56196.899
AZE
7683.607
7510.379
5724.36
4339.983
3441.219
2992.271
2995.007
3142.737
3447.708
3810.02
3960.236
4280.182
4611.707
5013.016
5282.28
6298.085
8325.472
10022.486
11518.263
12854.528
13509.214
13012.116
13295.084
13992.029
14516.394
14441.128
13433.771
13513.397
13597.84
13783.68
BDI
1124.248
1169.362
1161.764
1061.419
1009.2
924.438
831.636
828.986
862.69
838.898
840.888
815.395
826.95
787.955
794.612
786.22
809.553
812.508
825.734
823.743
841.74
846.029
860.478
878.12
884.173
824.87
794.521
772.401
763.433
753.909
BEL
35737.146
36389.41
36790.408
36649.299
37991.38
38723.238
39206.146
40636.651
41346.09
42663.054
44238.814
44257.426
44750.314
45105.568
46265.45
47010.462
47980.245
49357.48
49673.66
48031.842
48791.244
48313.366
49399.706
49464.952
49849.055
50237.809
50491.882
51319.366
51619.431
52084.592
BEN
2133.207
2158.402
2103.09
2189.506
2150.323
2209.396
2234.516
2306.685
2345.941
2404.364
2469.916
2523.017
2554.031
2561.775
2598.742
2574.887
2595.968
2669.779
2735.15
2715.08
2689.894
2704.03
2743.559
2861.122
2962.296
2922.068
2935.453
3010.9
3128.721
3254.246
BFA
1020.795
1083.411
1056.429
1061.457
1045.299
1078.286
1171.69
1207.643
1259.941
1307.436
1292.799
1338.098
1359.552
1420.599
1444.947
1522.056
1581.383
1597.609
1639.851
1623.982
1679.109
1718.22
1806.753
1852.687
1840.191
1852.321
1859.231
1976.752
2069.451
2132.956
BGD
1554.411
1571.95
1624.953
1669.134
1704.703
1752.201
1784.552
1828.576
1883.766
1935.796
2002.466
2060.796
2119.638
2182.321
2267.95
2383.03
2538.234
2702.966
2862.599
2979.606
3116.663
3273.89
3462.171
3614.294
3742.448
3936.276
4143.068
4339.893
4643.413
4976.209
BGR
11189.306
10197.436
10321.722
10244.707
10449.265
10717.063
11237.519
9737.746
10331.273
9570.829
9977.316
10818.812
11916.567
12580.289
13438.537
14390.576
15088.119
15423.502
16908.419
16679.012
17073.045
17389.785
17885.621
17887.476
18576.686
18997.29
19857.717
20852.603
22405.619
23324.657
BHR
40846.886
40555.014
44976.735
47352.881
44957.502
46028.573
46540.156
44979.851
46164.572
46556.299
48262.122
46704.426
45267.218
45702.114
45927.471
46335.539
45910.304
46256.722
44585.672
40316.562
40352.605
37769.034
43387.027
44951.265
45631.195
45633.553
45484.336
44966.495
43670.591
42521.705
BHS
36827.264
34595.069
33563.894
32603.245
33031.724
39246.694
43186.534
35621.056
36647.843
39336.696
40369.237
40549.535
41036.515
39988.476
39714.306
40163.185
40314.007
40085.575
39144.628
36563.621
36347.448
36181.707
37181.754
35985.856
34564.497
34614.708
34330.384
34260.281
33481.016
33747.213
BIH
1775.112
1643.832
1587.296
1611.574
1855.767
2309.307
3830.008
5373.86
7998.93
8438.274
8490.548
8572.613
8863.691
9091.995
9539.444
9870.549
10292.571
10906.086
11591.304
11314.366
11252.404
11398.392
11492.02
12032.081
12321.951
12881.552
13383.486
13738.525
14377.901
14871.811
BLR
8890.668
8779.672
7919.731
7301.393
6431.068
5784.375
5976.375
6669.262
7263.067
7554.664
8024.444
8448.811
8934.157
9660.634
10833.78
11918.968
13178.522
14309.98
15821.299
15783.822
16988.441
17850.016
18144.944
18075.652
18461.982
17482.701
17003.771
17584.766
18186.961
18546.487
BLZ
4673.528
5109.438
5589.94
5817.126
5637.755
5569.689
5448.13
5477.915
5404.237
5619.054
6080.362
6083.842
6221.745
6524.322
6532.813
6538.809
6679.6
6382.412
6480.808
6698.218
6523.97
6707.723
6627.288
6578.856
6602.28
6845.942
6670.845
6507.262
6453.485
6381.598
BOL
4352.07
4514.83
4546.35
4640.817
4782.447
4901.67
5023.822
5183.969
5367.624
5262.327
5275.528
5267.718
5296.914
5276.035
5355.291
5518.289
5702.818
5847.359
6132.991
6198.721
6301.078
6481.286
6608.365
6937.119
7313.5
7718.286
8056.544
8185.542
8444.768
8553.784
BRA
10250.811
10257.937
10071.085
10312.371
10541.485
11084.119
11016.238
11157.106
10886.348
10694.263
11275.715
11236.549
11411.517
11420.164
11958.96
12208.192
12601.684
13280.276
13773.547
13648.879
14409.401
14920.995
15083.438
15579.009
15449.702
14775.21
14138.945
14248.311
14181.806
14262.935
BRB
13867.206
13313.851
12376.28
12338.274
12761.965
12907.339
13347.855
13998.263
13493.655
13460.826
14912.172
14440.797
14450.242
14772.472
14868.308
15378.76
15903.765
16477.189
16390.088
15299.035
15165.989
14408.23
14755.935
14433.145
14398.595
14669.183
14990.461
15079.158
14970.31
14935.909
BRN
71468.77
71643.33
72947.496
71146.398
71413.574
72688.381
72937.472
70174.473
68211.285
68770.587
69253.621
69716.593
71006.949
71722.337
70852.673
70020.527
72083.283
71648.383
69405.266
67383.347
67479.349
67386.535
67319.137
66078.661
64339.539
66410.369
65043.239
64618.856
60975.292
63965.093
BTN
2510.608
2430.412
2443.763
2534.474
2778.938
2792.214
2978.664
3187.424
3033.964
3232.196
4053.11
4302.505
4609.02
4838.881
5038.638
5371.814
5733.699
6647.052
6795.982
7085.003
7717.701
8178.555
8355.076
8517.575
8895.785
9371.565
9850.629
10174.641
10327.379
10745.844
BWA
8866.078
9636.913
9736.999
10047.083
9107.808
9915.897
9789.356
10610.414
10959.811
10962.129
10780.983
11024.052
10359.414
11063.472
11006.12
11497.956
12294.599
13179.637
13759.161
13002.082
13489.459
14496.082
15084.409
16120.29
16818.009
16237.137
15623.182
15981.345
16310.647
16437.141
CAF
1312.502
1299.967
1248.6
1204.269
1218.468
1253.577
1126.57
1170.771
1191.685
1247.272
1234.775
1222.584
1188.408
1089.198
1087.277
1097.584
1127.035
1147.18
1154.25
1168.897
1218.18
1259.222
1317.844
839.123
837.63
869.826
903.077
959.309
980.651
993.009
CAN
30821.634
29902.905
29733.291
30256.899
31212.316
31758.809
31973.489
33095.985
33649.735
34680.464
36323.073
36358.163
37330.292
38436.669
39696.002
41342.235
42852.377
45437.731
45392.67
43471.719
44189.589
45168.579
45526.634
46216.951
47026.016
47042.28
47128.363
48068.856
48291.699
48527.036
CHE
58954.839
57892.603
57075.547
56629.583
56307.41
56592.196
56697.356
58758.74
60551.372
61825.244
64637.914
63528.222
62470.525
64445.965
65512.043
68351.36
69795.462
67318.252
63168.72
66543.938
70348.178
67500.172
68040.494
68353.262
68060.44
69427.134
68566.606
67888.131
69243.477
69393.521
CHL
9130.476
9691.75
10688.783
11279.016
11546.432
12443.88
13169.846
13976.38
14499.867
14185.264
14679.101
15022.753
15250.227
15389.206
15939.809
16552.042
16584.692
17399.457
18659.462
18341.967
19073.945
20264.478
21468.026
22055.54
22501.434
22949.358
23002.554
22685.231
23221.91
23261.297
CHN
1468.547
1581.35
1777.706
1981.422
2198.118
2361.466
2571.42
2786.83
2964.516
3171.545
3416.542
3666.608
3988.504
4376.664
4805.569
5299.329
5968.971
6810.051
7457.948
8056.254
8846.644
9596.63
10373.466
11060.091
11932.42
12644.001
13433.721
14333.133
15187.154
16057.396
CIV
3899.759
3717.694
3629.348
3544.518
3565.185
3709.004
3774.781
4002.797
4090.794
3961.682
3869.586
3800.74
3660.355
3564.611
3547.767
3533.808
3508.372
3493.48
3512.258
3539.715
3526.937
3291.925
3575.99
3756.866
4056.736
4322.118
4512.525
4686.902
4866.046
5068.606
CMR
3100.529
2834.511
2700.527
2419.86
2388.527
2400.361
2437.11
2494.302
2571.286
2618.467
2588.996
2609.834
2673.956
2788.796
2935.083
2901.691
2963.724
2996.251
3037.122
3054.695
3055.786
3094.846
3132.01
3199.621
3335.047
3410.459
3464.642
3487.381
3526.413
3580.903
COD
1694.789
1494.722
1283.003
1098.375
954.144
910.537
948.669
868.922
840.071
758.142
739.698
682.75
694.63
716.588
737.594
748.506
771.191
787.431
787.435
803.113
829.88
847.512
870.261
875.342
931.759
979.9
1038.995
1029.883
1056.309
1062.543
COG
3018.788
3061.649
3186.302
2867.585
2781.367
2021.089
2032.81
2265.207
2615.845
2037.748
1800.659
2019.852
2047.813
1990.442
1825.263
1502.933
1351.112
1581.667
1825.87
2055.11
2046.39
2008.691
2395.78
2580.408
3001.614
3855.211
3417.473
3126.304
2963.871
2879.191
COL
8012.767
8058.379
8256.745
8611.947
9030.668
9336.617
9323.05
9471.031
9411.867
8881.434
8946.617
8931.307
8997.393
9147.742
9491.4
9909.709
10426.801
10945.588
11113.863
11160.285
11461.274
12050.234
12468.72
13031.843
13563.814
14038.464
14186.35
14054.877
14084.984
14256.671
COM
3055.165
2807.822
2988.032
2976.905
2733.418
2757.075
2643.487
2676.247
2635.637
2621.938
2835.232
2833.315
2819.706
2809.289
2793.387
2807.428
2815.06
2781.487
2813.144
2835.597
2874.553
2921.407
2940.218
3004.934
2999.136
2970.814
3003.523
3048.999
3084.815
3099.446
CPV
2847.521
2808.16
2815.699
2931.889
3040.229
3170.229
3291.858
3471.914
3676.481
4017.072
4183.495
4432.133
4529.863
4696.528
4816.798
4982.676
5382.796
5895.297
6177.356
6028.901
5928.354
6119.932
6087.472
6106.106
5971.042
6035.187
6251.47
6414.023
6703.077
7019.168
CRI
9114.953
9278.061
9895.511
10344.236
10681.478
10801.563
10725.241
11048.472
11424.29
11415.363
11507.149
11696.776
11893.28
12217.125
12624.033
12998.105
13870.223
14854.333
15446.66
14886.835
15425.549
15876.368
16480.632
16566.524
16862.694
17238.082
17783.464
18160.746
18371.44
18486.371
CUB
5271.203
4686.435
4136.076
3500.899
3508.573
3554.969
3825.725
3916.61
3911.755
4133.728
4351.931
4495.73
4549.072
4706.839
4961.992
5524.407
6210.841
6636.338
6911.453
6953.068
7150.579
7395.233
7618.41
7823.046
7879.177
8217.753
8242.332
8388.369
8577.827
8620.716
CYP
25033.123
24590.237
26162.359
25748.067
26677.457
27159.897
27124.296
27265.239
31122.872
29569.587
30069.642
31381.645
32901.08
33708.487
34344.579
35692.115
36635.173
37334.958
39674.068
38367.769
37691.173
38404.332
35341.538
32940.605
32193.828
34159.59
35071.967
36615.736
37458.876
38206.84
CZE
23866.694
21083.221
21047.729
20996.432
21602.58
22596.076
23426.995
23324.953
23269.299
23545.414
24567.829
25097.374
25363.341
26353.289
27277.337
29067.019
30497.892
31895.981
32467.946
30523.694
31046.006
31495.661
31661.68
31555.566
32087.682
33719.886
34561.839
36123.627
37294.238
38108.567
DEU
37232.378
38644.089
39032.13
38331.23
38855.111
39245.626
39513.551
40076.95
40722.465
41415.463
42615.598
43205.663
42890.564
42578.133
43803.078
44239.954
46369.456
47706.277
48016.061
45988.637
47860.439
50930.978
50968.741
51009.995
51776.145
52371.446
53213.029
54368.285
55154.65
55314.354
DJI
1851.694
1754.478
1811.193
1900.497
1814.354
1899.664
1759.943
1792.464
1737.721
1786.146
1770.373
1758.578
1794.857
1927.335
1989.425
2024.429
2247.97
2327.334
2409.884
2705.553
2977.257
3304.352
3674.647
4092.159
4398.329
4700.185
4949.902
5103.072
5341.204
5689.349
DMA
7740.987
7881.611
8112.115
8113.517
8076.927
8264.117
8341.942
8690.013
9117.588
8860.254
8575.518
9052.399
8751.892
9451.084
9568.561
9621.449
10484.12
11004.049
11941.73
11947.056
11712.168
11699.699
11363.398
11382.668
11890.904
11528.881
11936.687
11051.775
11275.699
11883.955
DNK
38021.605
38391.686
39101.029
39166.319
41167.578
42379.044
43293.132
44585.464
45582.194
46939.004
47957.553
48558.627
48737.081
48959.383
50631.558
52016.158
54082.965
53962.619
53693.046
50728.203
51778.125
52486.323
52486.626
53226.532
54071.184
54651.368
55649.143
56234.841
57552.556
58661.871
DOM
5940.159
5857.044
6452.961
6691.855
6789.489
7049.16
7396.252
7919.951
8307.299
8646.81
8925.512
9011.505
9286.285
8811.205
8751.619
9752.021
10549.265
11176.476
11558.357
11519.787
12329.717
12531.448
12708.982
13068.977
13815.716
14696.544
15464.178
15941.682
16926.86
17591.065
DZA
8596.783
8205.786
8161.634
7830.018
7543.112
7567.405
7655.055
7651.638
7967.352
8025.458
8110.328
8468.989
8733.778
9252.811
9450.645
9692.092
9815.574
10385.119
10574.467
10539.197
10823.638
10793.068
10797.526
10828.366
11006.237
11150.731
11553.641
11371.702
11301.745
11173.957
ECU
7642.563
7900.165
7992.617
8054.388
8244.363
8277.376
8216.912
8426.619
8489.526
7743.155
7662.705
7967.022
8191.204
8250.35
8747.666
9107.974
9385.685
9427.379
10014.628
9945.381
10186.811
10807.505
11263.409
11647.394
11892.245
11692.885
11345.743
11359.682
11256.075
11043.983
EGY
5930.182
6057.707
6186.818
6234.452
6348.93
6520.383
6716.141
6943.988
7210.002
7464.909
7781.35
7916.143
7966.758
8052.966
8236.243
8372.652
8859.145
9360.092
9845.397
10039.036
10135.898
10157.174
10044.778
10050.758
10099.321
10382.834
10645.588
10799.582
11079.253
11466.145
ERI
1342.077
1494.591
1669.945
1901.042
2166.287
2669.748
2676.066
2941.397
3190.581
3218.061
3121.197
2630.725
2724.056
2669.172
2478.024
2431.747
2335.909
2311.259
2033.829
2073.583
2084.125
2234.845
2365.297
2451.627
2499.094
2539.674
2560.821
2660.547
2740.052
2793.483
ESP
27327.446
27938.141
28001.926
27721.226
27770.441
28931.745
29484.473
30457.473
31639.192
32940.053
34582.846
35456.517
36000.307
36522.123
36976.936
37514.552
38216.93
38626.509
38229.013
36776.035
36843.825
36305.449
35554.149
35204.56
35907.756
37442.494
38648.915
39566.373
40418.9
40974.524
EST
16828.267
15646.416
12878.062
11866.872
11947.585
12876.92
13649.827
15076.421
15991.296
15903.578
17241.931
18249.438
19620.12
21069.224
22704.023
25226.45
27488.739
29185.259
28190.691
24687.508
24830.134
26825.455
28030.2
28995.762
29802.867
30528.795
31298.922
33018.314
34643.344
36019.267
ETH
762.773
683.359
599.818
651.543
650.721
671.404
741.399
741.06
690.413
705.355
725.575
762.679
753.099
716.109
790.068
863.303
929.701
1009.775
1088.185
1149.158
1256.754
1358.033
1434.246
1541.763
1652.126
1771.948
1888.608
2009.556
2093.517
2206.534
FIN
32063.153
29766.892
28320.883
27827.912
29136.885
30507.162
31766.385
33956.556
35540.011
37390.835
39633.138
40827.154
41571.228
41911.804
44041.845
44977.373
46837.01
48807.239
48899.666
45214.781
46462.723
47002.277
46162.993
45511.815
45422.077
45516.098
46395.63
47490.91
48360.198
48511.398
FJI
8788.393
8776.895
8690.876
8601.838
8785.445
9145.505
9490.458
9142.563
9021.522
9743.587
9957.294
10587.797
10847.442
11072.806
11905.661
10794.356
10747.431
10633.533
10654.127
10624.435
10568.527
10812.609
10875.222
11589.047
11891.376
12227.529
12545.069
12610.81
12966.475
13009.073
FRA
33980.914
34117.826
34535.745
34202.228
34823.794
35432.3
35989.439
36832.217
38047.718
39414.763
40512.03
41105.826
40966.338
41127.088
42002.99
42514.655
43371.389
44145.801
44091.858
42661.966
43281.775
44155.575
43879.671
43931.963
44115.222
44453.75
44805.853
45850.93
46536.686
47172.537
FSM
3577.528
3638.866
3570.391
3599.174
3537.756
3663.315
3512.347
3184.108
3259.17
3396.446
3563.92
3613.183
3628.256
3691.075
3643.165
3753.386
3769.447
3755.719
3657.96
3836.193
3832.007
3921.052
3862.944
3778.811
3640.634
4147.732
4047.521
3973.836
3940.494
3982.737
GAB
16794.43
17388.117
16031.685
16052.276
16578.406
16744.443
16869.03
17266.691
18100.484
15750.975
13981.641
14760.969
14908.61
14627.817
13484.842
14164.209
12681.866
12759.03
11743.575
12313.005
12104.859
11978.053
13010.546
13456.896
14658.883
14164.782
14167.536
14058.12
13811.395
13929.806
GBR
30456.136
30046.27
30163.284
30811.182
32018.697
32670.779
33417.926
34662.467
36004.476
36877.461
38271.258
39390.512
40361.706
41489.899
42137.957
43311.201
43652.023
44116.396
43454.208
41366.769
42182.83
42635.269
42361.911
42547.333
43329.551
43885.17
44334.732
45426.739
45686.388
46070.645
GEO
10663.564
8447.643
5057.066
3369.204
3108.907
3221.363
3673.308
4431.333
4778.902
5041.397
5177.911
5359.036
5701.785
6349.264
6808.527
7462.027
8269.266
9188.948
9302.185
9036.245
9581.969
10268.185
11196.546
11544.501
12111.956
12334.643
12382.386
12923.982
13701.121
14428.8
GHA
2314.954
2370.101
2395.865
2432.906
2439.551
2471.183
2519.933
2560.232
2612.613
2659.753
2681.72
2761.42
2821.945
2895.412
2973.42
3110.982
3189.642
3244.77
3457.357
3536.395
3676.086
4031.228
4208.46
4553.942
4526.325
4614.125
4638.149
4863.975
5056.524
5268.92
GIN
1404.89
1400.919
1425.777
1485.128
1510.235
1539.62
1575.043
1603.312
1627.672
1678.192
1684.875
1699.458
1788.284
1815.31
1813.738
1828.56
1762.617
1841.207
1868.4
1786.349
1852.127
1897.083
1971.728
1935.365
1995.453
2055.514
2228.153
2408.658
2346.625
2405.181
GMB
2257.355
2248.269
2250.002
2219.952
2157.631
2120.35
2144.223
2065.372
2074.66
2137.16
2191.204
2229.837
2143.281
2146.863
2297.782
2174.033
2091.305
2097.38
2172.655
2243.385
2306.614
2045.523
2091.738
2085.509
1990.942
2009.308
1998.652
2033.677
2105.907
2167.883
GNB
1692.472
1664.258
1688.984
1680.357
1701.619
1712.796
1745.884
1842.481
1480.398
1651.904
1667.737
1652.036
1631.684
1601.837
1614.033
1644.348
1659.459
1679.538
1672.099
1692.403
1738.976
1850.41
1769.705
1736.286
1803.186
1847.656
1916.354
1929.167
1945.232
1996.043
GNQ
3565.006
3549.015
3420.428
3715.652
3660.633
3999.665
4899.135
8786.778
10524.073
13571.212
10380.192
12198.731
15210.202
14435.222
16046.807
19244.771
24395.076
27401.798
26794.739
26908.104
19742.222
20366.366
21808.484
21134.311
20703.949
21324.319
19423.152
16604.359
14896.766
13944.132
GRC
24920.52
25479.465
25527.309
24910.727
25301.102
25712.575
26247.362
27308.094
28182.578
28606.362
29472.481
30614.375
31600.985
33123.859
34682.234
34541.661
36145.29
36963.531
36595.472
35193.867
33281.802
30083.675
28994.424
28044.265
28664.018
28576.252
28602.227
29145.558
29555.169
30154.634
GRD
8286.519
8640.65
8602.293
8198.901
8331.557
8324.042
8608.027
8977.821
9895.217
10508.325
10859.032
10429.41
10648.738
11649.075
11240.837
13664.983
13076.527
13658.152
13788.667
12424.183
12717.121
12893.814
12624.833
12952.821
13795.18
14431.648
14423.012
14711.921
15241.434
15640.886
GTM
5417.322
5549.674
5653.6
5745.496
5832.078
5966.511
5973.642
6095.81
6276.56
6354.143
6428.195
6466.037
6490.484
6517.641
6564.953
6635.841
6820.476
7092.928
7210.983
7080.519
7142.768
7267.491
7423.038
7557.405
7734.524
7932.284
8028.565
8143.019
8274.19
8494.085
GUY
2537.351
2255.28
2781.857
3386.035
3877.366
4124.26
4784.731
4968.575
5018.517
5080.252
5237.136
5306.665
5344.132
5390.561
5666.032
5642.582
5789.334
6265.91
6456.906
6677.712
7035.512
7390.496
7770.382
8044.297
8466.091
8670.595
8731.978
8779.918
9074.544
9455.014
HKG
27931.057
29102.209
30592.607
33407.244
34501.211
34870.271
34133.845
35879.307
34235.876
34784.736
36632.672
37157.755
36952.143
38936.597
41767.702
43927.693
47567.986
50635.271
52722.749
49923.404
52435.054
54905.053
54542.52
56261.252
57500.26
58270.561
59555.735
62449.738
63984.17
62984.766
HND
3769.089
3517.12
3602.46
3808.928
3702.069
3812.47
3778.101
3891.103
3933.028
3824.674
3970.238
3960.802
3988.817
4041.742
4164.148
4333.38
4505.545
4754.116
4829.131
4583.377
4611.253
4686.672
4730.652
4762.821
4776.06
4925.196
5020.828
5221.698
5241.144
5308.453
HRV
16745.851
13286.994
11666.871
10839.26
11594.729
14814.745
15865.906
17059.604
17319.695
17023.829
17803.733
19081.107
20113.984
20897.621
22105.623
22876.868
23970.836
25305.066
25504.662
23530.58
23305.899
23345.824
22866.026
23128.292
23180.354
24299.511
24714.706
26204.518
27150.592
28069.848
HTI
2181.362
2180.346
2024.413
1877.547
1630.077
1765.896
1810.428
1823.587
1827.766
1841.523
1833.212
1774.447
1729.858
1704.643
1622.238
1611.614
1646.725
1672.229
1661.059
1688.743
1614.54
1683.472
1714.464
1748.856
1776.984
1770.328
1775.675
1774.916
1776.068
1708.809
HUN
17910.163
15543.754
15179.413
15559.382
16009.676
16178.959
16133.585
16398.942
17039.787
17398.923
18361.544
19161.252
20146.581
21106.366
21998.382
22952.703
24001.984
23763.651
24247.36
23206.77
23369.313
23806.914
23737.842
24610.939
25314.729
26288.562
27503.228
28344.307
29840.341
31328.806
IDN
4202.15
4507.435
4747.872
5042.224
5398.847
5737.732
6110.921
6290.179
5237.049
5117.712
5314.88
5603.791
5819.947
5963.606
6132.297
6376.756
6680.942
7022.247
7389.493
7633.705
8058.515
8430.613
8819.426
9170.975
9472.782
9815.405
10197.485
10589.33
11041.77
11459.097
IND
1787.071
1765.563
1825.446
1877.49
1966.186
2078.121
2196.977
2245.353
2340.793
2504.371
2548.048
2630.025
2689.211
2851.164
3028.797
3216.752
3420.533
3640.134
3691.285
3925.788
4181.627
4352.963
4520.568
4749.422
5047.231
5391.427
5722.265
6119.131
6427.18
6681.347
IRL
24383.83
24908.068
25326.523
25997.622
27457.949
29468.775
31577.772
34178.827
36512.534
38910.86
41963.38
42576.333
43572.513
45393.017
47847.525
49610.623
51356.365
51898.934
48612.057
44165.902
44851.52
43373.731
42998.816
45199.334
48791.614
54473.842
59397.298
62042.695
65762.205
68370.587
IRN
8673.072
9514.833
9598.266
9567.121
9197.874
9412.11
9582.373
9581.684
9731.24
9580.974
10071.278
10033.912
10651.212
11430.56
11752.156
11981.716
12465.957
13365.684
13260.295
13199.897
13812.723
14011.27
12896.654
12711.735
13078.661
12730.154
14245.622
14562.913
13617.052
12446.666
IRQ
8167.745
2696.144
3345.615
4826.223
4462.97
3541.281
5143.94
6044.496
7931.241
9007.261
8979.614
8909.639
7956.776
5292.387
7954.419
8050.022
8307.759
8354.05
9279.73
9116.869
9274.752
9514.3
10516.798
10798.413
10382.211
10485.008
11589.47
10890.966
10581.391
10800.839
ISL
30975.211
30820.954
29609.853
29658.749
30234.054
30073.319
31379.672
33204.624
35259.215
36443.714
37573.324
38693.671
39724.837
39734.253
41303.876
43520.993
44080.157
48004.679
40444.027
38100.517
37239.014
39148.365
40730.332
45863.983
46504.122
48907.486
53281.794
54377.5
54959.897
54682.381
ISR
23667.764
24213.09
25149.847
25497.301
26660.579
27785.185
28321.151
28592.954
29037.58
28901.544
29643.606
29615.809
29176.434
28947.642
29840.624
31089.32
32390.835
33744.365
33555.16
32905.575
34305.526
35469.403
35173.889
36143.569
37308.601
37313.166
38023.69
38573.06
39567.763
40186.846
ITA
36282.281
36749.992
36975.253
36725.178
37450.087
38658.907
39234.394
40138.863
40814.429
41621.39
43098.077
43947.334
43930.524
43779.892
44258.886
44546.433
45315.048
45612.534
44434.708
42253.086
42781.829
42993.629
41653.715
40394.989
40096.293
40164.243
41155.427
42013.204
42656.871
42776.357
JAM
7166.174
7114.47
7631.304
9694.389
9398.639
9474.423
9642.95
9526.244
9095.48
9069.727
9101.798
9061.646
8907.922
9218.774
9308.82
9311.474
9618.947
9711.14
9708.687
9107.15
9087.765
9213.95
9305.432
9209.427
9242.036
9186.426
9149.768
9315.189
9296.68
9319.131
JOR
7062.821
6580.95
7562.444
7579.571
7618.69
7846.503
7748.359
7922.91
8086.157
8206.019
8664.642
9010.705
9250.982
9480.093
10099.752
10558.931
11024.204
11523.273
11641.219
11652.591
11039.189
10724.824
10389.764
10170.489
10001.369
9855.677
9790.377
9791.288
9806.611
9858.487
JPN
32322.833
33305.803
33559.169
33313.719
33515.729
34309.385
35397.407
35728.706
35206.387
35049.84
36045.027
36140.065
36058.727
36590.191
37495.479
38220.757
38904.885
39646.4
39030.368
36871.61
38455.15
38563.329
39142.572
40239.537
40535.506
41194.172
41278.973
42315.336
42563.632
42931.696
KAZ
13745.287
12247.409
11646.104
10624.011
9395.665
8763.568
8916.476
9183.642
9171.432
9349.716
9993.544
11521.959
12765.078
13734.712
14758.681
15396.172
16317.192
17274.633
16889.404
17769.165
17976.274
18264.098
19217.18
21068.975
21752.924
23136.888
22005.084
22157.871
22171.781
22857.461
KEN
3096.269
3025.35
2911.307
2770.801
2784.639
2867.209
2948.42
2894.162
2917.846
2891.948
2839.475
2865.008
2808.955
2809.049
2879.803
2990.925
3090.63
3206.733
3137.391
3152.104
3317.247
3439.438
3485.832
3572.708
3657.891
3776.352
3894.552
3968.907
4134.855
4243.626
KGZ
5142.119
4678.506
3991.413
3361.234
2628.271
2453.121
2603.298
2776.017
2766.707
2782.348
2888.322
3086.619
3069.605
3262.038
3396.482
3394.228
3533.267
3813.745
3978.48
4053.89
3889.735
3867.145
4160.447
4379.803
4540.284
4632.766
4659.19
4803.232
4979.514
4864.39
KHM
1007.602
1041.391
1079.849
1095.72
1105.125
1170.659
1194.412
1223.286
1239.736
1349.518
1444.547
1526.76
1583.45
1699.049
1840.121
2039.119
2226.489
2435.241
2542.492
2498.363
2602.171
2736.295
2869.323
3062.342
3195.929
3331.637
3507.37
3684.459
3875.682
4246.178
KIR
2383.481
2328.551
2219.401
2120.43
2172.427
2319.624
1961.288
2474.19
2856.07
2694.041
2656.123
2647.093
2618.38
2398.531
2336.599
2980.716
2882.709
2925.162
2856.173
2641.359
2730.26
2599.994
2923.759
3265.717
3713.693
4494.508
4007.305
4287.099
4229.362
4259.732
KNA
15140.693
14592.35
14871.443
15658.678
16319.033
17214.434
17746.287
18640.046
18030.511
18361.608
20024.958
20741.391
20682.513
19347.782
20206.082
22084.94
22883.796
22928.343
24119.235
22929.345
22727.038
22988.39
22441.067
23531.12
24690.215
24722.224
25218.434
24086.571
24603.64
25037.507
KOR
12654.789
13880.499
14583.316
15428.511
16667.102
18063.224
19308.25
20267.599
18927.927
21000.384
22825.344
23749.396
25517.886
26191.583
27494.704
28464.169
29933.481
31522.054
32315.945
32347.316
34480.248
35636.216
36449.277
37288.156
38184.862
38989.838
40002.159
41168.196
42001.778
43043.711
KWT
43411.971
27931.886
45912.438
60266.713
67644.145
75428.957
75430.217
76217.234
74972.194
65898.759
66284.994
62553.876
60488.7
69028.62
77058.108
83098.948
86993.2
85740.162
80204.017
69677.682
65119.125
67050.961
68823.647
66177.106
63973.771
62105.958
62891.579
59255.425
59333.476
58590.082
LAO
1944.014
1971.628
2025.236
2088.682
2192.718
2297.231
2402.739
2466.483
2506.09
2677.888
2715.058
2831.484
2987.357
3062.281
3279.193
3507.578
3310.574
3931.582
4114.627
4434.988
4547.98
4794.346
5161.399
5527.59
5920.146
6252.633
6596.72
6874.759
7192.09
7413.332
LBN
9196.838
10999.502
12403.637
12823.419
13382.761
13844.917
14885.012
14728.172
14956.758
14715.627
14641.492
14304.135
13498.58
11548.617
13722.952
14138.759
14401.74
16064.825
17276.662
18471
19249.399
18627.781
17961.823
17433.342
16792.475
16118.918
15830.678
15942.24
15519.448
14654.534
LBR
1753.049
1530.04
1012.326
687.063
534.892
497.505
527.906
1011.383
1223.122
1177.735
1533.219
1474.182
1466.798
990.172
1102.57
1127.974
1174.778
1253.315
1287.927
1273.096
1293.015
1387.816
1404.685
1489.134
1461.523
1442.416
1383.377
1375.914
1319.388
1258.411
LBY
68259.198
77069.509
73264.459
68987.315
68864.159
66021.377
66251.062
68645.656
65329.169
64636.832
64986.898
64414.709
62949.038
70500.736
70489.317
76657.089
82425.568
84980.682
95663.706
93880.906
96020.539
36967.63
80487.112
38997.696
18898.95
10051.968
8309.347
13686.02
15526.252
15687.714
LCA
8371.603
8261.811
8844.745
8668.497
8749.557
8678.136
9170.541
8983.77
9465.241
9710.586
9593.794
8912.357
9121.974
9317.898
9744.613
9576.41
11049.322
11467.16
11961.741
11774.408
11434.553
11831.689
11408.386
12952.611
12267.345
12921.362
13550.616
14139.666
14438.353
14615.57
LIE
62153.422
62470.036
63861.24
65689.759
69159.548
72146.522
75976.993
80232.79
85172.777
91213.423
94254.35
84904.392
81694.538
76989.731
76099.549
81769.034
90726.862
100595.55
97576.869
82811.337
86670.416
77214.691
68374.214
90116.297
92963.473
94259.227
111841.251
126079.403
130748.271
131031.59
LKA
3857.334
3982.343
4134.345
4383.202
4557.977
4740.09
4881.181
5177.272
5368.479
5557.073
5850.026
5723.105
5918.852
6253.377
6534.764
6872.357
7332.788
7795.922
8104.579
8424.438
9041.183
9746.303
10541.473
10748.553
11181.464
11600.293
11961.248
12250.945
12515.729
12707.366
LSO
2483.8
2377.107
2361.622
2358.658
2317.143
2313.004
2381.754
2484.09
2853.288
2852.542
2781.965
2748.523
2784.564
2900.379
2889.534
2773.329
2789.857
2827.009
2964.719
2894.381
2981.392
3008.447
3074.213
3118.418
3125.631
3077.223
3207.041
3150.382
3118.966
3150.62
LTU
18130.048
17119.604
13530.591
11380.046
10319.212
10681.981
11205.003
12109.499
13058.574
12986.085
13670.725
14747.461
15923.502
17503.433
18935.614
20859.33
22641.691
24982.53
25980.472
23589.113
23849.718
25279.42
26553.242
28038.682
29572.843
29705.102
30822.332
32560.849
34264.124
35798.67
LUX
70537.771
76220.145
75883.173
77210.7
76542.348
78969.215
79072.815
85513.549
86068.995
89426.432
93991.096
97657.028
91408.449
84367.967
97398.012
99777.71
91296.774
107701.038
101376.599
73925.686
79133.41
75665.494
73926.156
71840.533
72042.099
72407.196
72258.925
72746.024
72475.681
72711.674
LVA
18331.765
16501.979
10716.641
9238.008
9429.997
9562.865
9908.051
10910.545
11705.377
11944.462
12840.507
13886.699
15029.268
16351.08
17630.964
19940.68
22189.604
24469.825
24326.233
22994.616
21166.828
22657.807
23746.989
24678.968
25366.237
26341.99
27139.248
28358.604
29410.087
30282.394
MAR
3709.872
3895.96
3759.381
3646.232
3988.473
3698.076
4129.455
4006.5
4268.098
4263.474
4287.107
4551.214
4651.931
4880.583
5074.792
5208.789
5532.078
5671.589
5944.826
6048.041
6199.445
6418.595
6496.648
6742.073
6757.626
6995.085
6972.517
7170.822
7280.948
7368.36
MDA
14171.124
11667.803
8200.879
8136.365
5644.596
5618.803
5520.443
5596.859
5213.83
5046.747
5143.601
5719.789
6344.889
6923.732
7579.177
8155.898
8428.567
8534.981
9240.692
8403.788
9147.777
9659.135
9835.127
10735.152
11203.501
10956.806
11540.592
12323.316
12970.852
13663.607
MDG
1781.247
1608.479
1596.031
1584.925
1526.521
1506.051
1506.02
1517.087
1530.907
1558.499
1583.262
1629.996
1385.386
1476.263
1513.377
1529.064
1561.651
1627.541
1689.494
1571.309
1532.14
1515.815
1496.277
1486.199
1505.549
1494.629
1507.43
1541.171
1569.189
1596.281
MDV
7481.47
7822.911
8083.13
8356.426
8696.706
9110.065
10009.541
10723.933
11037.66
11635.368
12064.379
11265.059
11936.183
13054.148
13564.079
11750.893
14384.591
14977.486
16016.787
14486.973
15050.06
15674.68
15372.532
15773.337
16183
15922.393
16191.84
16564.423
17043.09
17416.778
MEX
14499.718
14916.611
15181.38
15248.5
15716.284
14286.704
15067.254
15982.632
16554.559
16822.099
17401.876
17142.034
16923.76
16930.832
17391.801
17428.284
18059.035
18171.587
18158.752
16899.895
17601.059
17917.865
18259.218
18086.934
18467.584
18817.473
19101.425
19300.206
19476.348
19159.84
MHL
4085.585
3993.459
4205.552
4405.722
4629.008
4985.173
4464.829
4232.216
4263.088
4272.725
4507.416
4674.209
4598.487
4474.257
4429.931
4503.088
4396.523
4490.285
4159.841
4170.266
4329.28
4294.349
4041.252
4278.745
4402.793
4781.398
4776.635
4857.335
4949.945
5039.044
MKD
11202.077
10582.078
9719.216
9060.288
8972.143
8900.563
8959.099
9025.305
9274
9578.529
9946.122
9709.315
9786.808
9974.416
10483.626
10837.011
11533.91
11741.348
12825.569
12830.443
13160.328
13410.32
13282.752
13627.624
14177.819
14509.08
14759.936
14913.882
15279.07
15864.631
MLI
1409.485
1549.201
1460.67
1472.638
1470.854
1435.907
1497.095
1526.438
1602.122
1657.36
1615.24
1742.101
1719.24
1870.84
1841.675
1900.965
1914.133
1917.758
1952.941
1948.003
2000.493
2008.023
1928.599
1929.085
2020.233
2091.877
2136.395
2175.03
2224.443
2268.773
MLT
20377.167
21208.569
21740.955
22325.004
22971.792
24026.017
24561.156
25639.221
26215.687
27902.122
28497.424
29320.694
29502.12
28651.035
28545.669
28456.592
28773.774
29956.381
30969.626
28675.24
30018.848
30931.345
31252.821
32198.035
34498.3
36783.618
36811.92
37831.635
39434.092
39554.521
MMR
642.25
628.442
681.487
714.004
758.937
801.846
843.773
880.149
883.649
968.232
1088.601
1199.103
1329.939
1500.011
1688.892
1902.972
2136.511
2377.266
2604.865
2861.246
3127.111
3276.794
3340.191
3623.772
3843.237
4136.994
4363.246
4604.992
4851.545
4960.528
MNE
















15396.885
16355.99
17569.112
16282.89
16545.173
17328.647
17006.446
17643.745
17818.239
18594.268
18865.266
20034.725
20846.725
21399.247
MNG
4621.619
4407.788
4019.869
3721.792
3903.3
4226.833
4288.307
4422.53
4591.926
4667.656
4562.786
4611.562
4831.104
5078.386
5744.628
5886.19
6358.449
6841.772
7284.452
6992.337
6947.752
7964.714
8805.225
9882.236
10180.537
10230.888
10121.765
9719.116
10763.091
10838.674
MOZ
458.475
470.754
419.847
448.372
457.739
459.063
497.232
539.975
581.991
643.576
616.802
672.617
663.098
740.917
766.126
791.131
819.199
867.441
910.178
969.681
997.999
1061.128
1116.826
1163.4
1205.313
1240.726
1248.079
1245.428
1264.662
1250.406
MRT
4473.628
4483.688
4460.176
4576.654
4315.905
4621.946
4965.121
4633.778
4663.765
4720.548
4389.686
4142.861
4268.18
4429.955
4507.099
4734.614
5232.801
5009.315
4897.326
4834.484
4701.828
4686.345
4727.91
4792.255
4816.295
4985.902
4955.602
5004.578
5014.917
5134.57
MUS
8046.323
8397.519
8839.707
9158.554
9333.043
9669.429
10053.304
10553.109
11052.981
11226.391
12032.016
12414.845
12526.335
13071.845
13591.986
13764.562
14489.284
15541.134
16146.734
16463.091
16926.724
17424.346
18864.798
20119.686
20828.489
21650.631
22406.996
23536.248
24407.695
25266.212
MWI
1404.713
1508.535
1307.764
1437.745
1332.52
1287.455
1027.758
1479.5
1443.522
1431.104
1421.706
1309.475
725.87
748.877
770.091
776.748
792.168
848.04
887.663
929.337
959.033
978.274
960.129
975.006
1004.871
995.674
1025.495
1012.286
1018.027
1034.678
MYS
9928.444
10513.917
11125.544
11975.819
12756.852
13659.222
14640.355
15214.355
13710.869
13978.144
14700.302
14605.823
15178.324
15898.363
16662.212
17324.938
18210.729
19134.307
19467.367
19045.301
19881.13
20777.192
21306.885
22093.094
23113.031
24118.263
24845.994
25897.283
26557.432
27534.099
NAM
5960.626
6355.869
6478.937
6252.195
6198.277
6434.171
6384.749
6505.123
6628.03
6564.019
6878.259
6799.787
7126.213
7537.214
8051.416
7924.087
8405.118
8460.284
8539.513
8389.049
8574.467
8949.496
9105.07
9818.497
10168.824
10481.754
10071.071
9866.196
9618.034
9356.674
NER
1084.989
1073.231
1032.518
1016.078
996.88
987.224
966.214
945.659
1006.8
972.034
927.908
959.664
966.537
955.701
928.28
959.369
980.38
973.208
1007.4
985.672
1027.505
1011.567
1066.598
1078.667
1110.334
1112.708
1131.428
1142.769
1178.512
1200.898
NGA
3108.655
3043.89
3066.652
2884.182
2813.343
2776.35
2825.889
2847.736
2838.894
2836.448
2739.243
2896.408
3230.033
3340.637
3567.691
3675.106
4025.676
4063.157
4238.146
4433.834
4635.558
4758.779
4848.227
5045.012
5311.163
5356.408
5160.489
5031.602
4928.924
4910.208
NIC
3012.215
2943.176
2946.079
2818.694
2817.206
3046.662
3242.399
3371.942
3518.98
3707.938
3808.118
3840.067
3839.505
3894.094
4065.852
4225.81
4308.742
4491.01
4581.665
4344.231
4486.527
4709.562
4939.613
5116.951
5307.929
5479.36
5654.842
5845.329
5564.86
5283.659
NLD
36547.64
37267.933
37506.769
37930.142
39023.498
40290.48
41567.288
42854.789
44008.788
46685.668
48502.327
48157.41
48053.293
48547.877
49093.371
49006.226
51739.964
53134.238
52566.17
51337.265
52431.309
53576.59
52992.188
52582.998
52303.57
53264.04
53300.397
55765.189
57013.828
57707.069
NOR
40543.662
41477.836
43131.246
44035.405
46236.974
48089.032
50273.275
52677.992
53720.73
54542.859
55612.89
57249.316
57874.629
58221.724
59951.524
61665.385
62009.141
62958.677
62365.657
61161.568
61155.664
60902.224
61660.081
61707.244
63555.496
64682.547
64776.541
65732.495
66180.448
66494.252
NPL
1372.285
1420.832
1440.133
1456.239
1535.485
1553.276
1586.128
1636.701
1655.829
1716.408
1793.381
1871.259
1835.323
1880.639
1939.109
1992.807
2043.809
2093.462
2196.574
2282.462
2371.875
2445.292
2573.695
2686.152
2874.478
2956.944
2945.533
3135.224
3275.801
3456.706
NRU
18985.818
14966.75
12195.813
9987.906
9395.251
8563.388
7491.852
6831.941
6134.396
5707.054
5482.189
5016.148
4622.598
4987.066
4169.753
4479.516
2681.966
3419.21
6273.516
5043.765
5765.212
6244.527
7026.25
9262.578
12242.827
12953.072
14342.03
14953.658
16080.27
16237.481
NZL
26183.1
24076.108
24145.4
25208.736
26250.581
27238.145
27464.567
28058.632
28417.88
29423.015
30181.722
31210.613
32121.103
32991.544
33509.493
33953.195
34424.65
34925.683
34258.714
34963.868
34779.697
35476.751
36226.642
36937.398
37668.113
38586.592
39201.892
39331.645
40558.708
40798.72
OMN
26521.572
26925.27
27549.241
28306.615
27959.031
28833.029
29078.04
30822.767
31086.853
30943.178
32755.218
33909.181
32582.847
31474.847
31280.066
30748.454
29351.333
32208.872
32794.223
33031.561
33451.945
29715.525
30385.48
30158.91
28540.623
29398.635
29257.41
27885.439
26592.753
25944.072
PAK
3049.238
3050.419
3153.081
3112.029
3124.776
3206.145
3230.17
3155.201
3140.014
3167.972
3208.277
3238.296
3297.103
3489.03
3635.888
3779.965
3908.348
3999.812
3985.075
4033.073
4054.309
4103.503
4181.574
4275.061
4402.753
4534.298
4691.273
4821.112
4991.712
5005.035
PAN
10409.452
10844.067
11639.798
12295.458
12544.277
12273.95
12584.04
12969.01
13603.94
13688.655
14011.779
13743.385
14244.658
14096.911
14670.646
15164.235
16179.625
18084.808
19499.077
19496.947
19719.31
22139.139
23560.972
24840.799
24975.193
26606.718
27194.951
28614.406
29172.902
29557.668
PER
4943.406
5137.239
4990.051
5133.397
5629.329
5912.588
6041.511
6334.456
6260.686
6251.098
6297.773
6293.028
6529.782
6672.762
6813.766
7094.574
7385.389
7970.525
8722.219
8806.395
9317.268
9796.886
10448.88
11112.591
11339.089
11705.746
11899.541
11931.13
12155.183
12252.3
PHL
4157.284
4081.128
4058.881
4069.485
4198.337
4305.037
4486.857
4690.02
4936.977
4963.72
4895.577
4939.264
5012.018
5154.074
5374.084
5556.406
5719.636
5976.078
6149.848
6268.009
6600.767
6697.517
7055.386
7458.802
7789.275
8143.543
8564.162
9016.733
9414.401
9777.798
PLW
13236.824
14330.46
13055.426
11581.512
12050.689
13270.903
13682.722
13439.04
13008.753
12789.532
13393.116
13490.751
13840.032
14016.55
14289.769
17157.627
17060.079
17979.629
17149.456
16159.099
16421.505
17430.955
17725.098
17310.534
17949.041
20026.752
20057.573
18770.144
19028.69
19316.975
PNG
2289.039
2463.279
2757.611
3287.721
3962.08
3681.877
3785.035
3463.834
3537.766
3530.516
3368.251
3298.446
3310.875
3397.233
3094.863
3125.978
3034.938
3370.182
3350.994
3500.051
3660.84
3696.229
3792.507
3873.847
4325.321
4512.257
4414.473
4267.443
4152.43
4301.099
POL
11136.629
10124.319
10239.336
10667.318
11566.675
12276.23
13108.497
13941.541
14584.422
15275.426
16168.214
16390.874
16698.359
17203.28
17729.143
18633.393
19717.72
20907.422
22052.144
22437.312
23211.951
24371.752
24800.642
25184.497
25931.16
26926.26
27546.22
28933.037
30459.981
31622.553
PRT
23522.896
24656.353
25054.395
24532.997
24634.837
25750.074
26502.775
27355.522
28482.625
29418.137
29948.746
30286.41
30408.79
30163.65
30553.457
30714.564
30690.893
31386.483
31299.594
30276.282
30844.767
30851.093
29497.149
29686.684
29868.812
30324.288
31110.309
32309.45
33175.818
33966.828
PRY
8209.961
8130.656
7978.73
8118.202
8184.769
8358.133
8797.79
8671.362
8477.493
8167.991
7477.585
7369.967
7397.958
6980.878
7311.887
7428.358
7965.08
8674.596
9220.474
9035.048
9904.627
10323.516
10044.406
10777.215
11188.338
11371.119
11668.032
12204.526
12419.768
12223.94
PSE
4266.939
3891.357
4651.214
4908.433
4509.626
4643.245
4453.035
4938.812
5678.155
5988.087
5110.468
4361.722
3664.147
4071.626
4336.381
4767.543
4521.484
4745.74
4911.088
5068.157
5309.944
5847.999
6101.871
6169.007
6140.377
6320.951
6506.9
6545.431
6581.938
6417.389
QAT
61323.764
58878.572
64490.996
62864.183
63056.67
63764.571
63051.172
80186.674
86362.033
86922.669
89459.279
87708.526
89632.216
90011.055
93493.295
83153.208
93845.821
92835.016
91691.582
87025.759
91652.237
95725.464
94312.278
93902.477
93662.556
95634.111
95516.803
94819.578
94265.198
92418.23
ROU
13249.698
11676.387
10714.095
10873.895
11326.98
12034.574
12521.279
11939.056
11686.556
11657.195
12024.543
12837.895
13761.775
14000.994
15253.995
16259.363
17577.837
19112.719
21487.797
20684.159
20013.992
20494.928
20907.842
21787.725
22866.965
23705.158
24907.535
26805.515
28021.188
29497.232
RUS
21513.597
20351.467
17229.934
15761.587
13867.643
13247.059
12698.078
12807.975
11901.58
12748.24
14228.848
15224.63
15935.312
16977.916
18422.717
19601.476
21147.948
23151.976
24193.862
22270.041
23256.387
24231.137
25130.625
25413.02
25204.785
24846.715
24874.34
25311.226
25961.851
26157.047
RWA
933.348
934.988
1047.044
1027.158
540.37
748.968
810.04
864.281
866.984
841.399
859.724
895.071
991.743
993.631
1052.773
1136.659
1215.265
1281.19
1383.764
1431.627
1496.807
1573.817
1661.571
1689.774
1741.967
1845.601
1903.532
1909.365
2020.929
2155.334
SAU
43005.678
47014.57
47054.201
45530.853
44036.624
43542.197
43112.352
42725.979
43524.125
41207.531
42183.103
40741.543
38447.692
41423.577
43532.227
44734.838
44807.127
44629.081
46324.433
44059.168
44723.301
47851.859
48932.181
48893.801
49391.716
50125.495
49683.077
48044.12
48093.925
47495.427
SDN
1576.173
1539.568
1648.901
1728.479
1740.577
1813.046
1925.358
2093.454
2117.65
2101.513
2157.822
2248.685
2332.943
2428.15
2433.325
2550.509
2546.749
2892.303
2935.497
3041.688
2984.72
3417.848
3851.172
3885.792
4020.209
4115.807
4205.627
4203.828
3876.491
3828.66
SEN
2239.075
2227.232
2210.151
2154.568
2095.651
2154.805
2171.448
2182.996
2266.011
2340.984
2356.447
2412.877
2363.581
2470.27
2555.809
2633.231
2635.956
2694.312
2735.918
2697.672
2721.308
2668.961
2726.285
2724.153
2816.845
2903.301
2987.649
3114.299
3230.313
3309.386
SGP
37075.891
38240.43
40212.372
42760.387
47085.369
49260.741
50097.353
53898.18
50707.931
52998.139
55808.872
53712.281
54530.993
57451.256
59977.217
63139.335
68950.068
72158.138
69060.891
66008.532
77504.917
78783.044
79513.2
81298.179
85083.236
83498.964
85472.589
87735.756
88099.153
88155.214
SLB
1955.971
1959.465
2108.035
2092.92
2206.805
2355.701
2327.254
2224.023
2227.932
2140.925
1810.764
1630.792
1525.898
1587.283
1693.771
1854.044
1893.466
1986.744
1831.817
1537.247
1671.057
1714.313
2080.706
2217.469
2224.213
2297.965
2240.086
2225.019
2251.253
2253.346
SLE
1773.743
1675.666
1461.157
1555.053
1501.466
1452.202
1119.643
931.284
884.096
810.75
823.755
937.941
1137.038
1192.013
1212.66
1218.585
1234.005
1387.69
1466.673
1494.576
1432.133
1450.825
1712.088
1946.349
1960.689
1533.78
1438.681
1594.308
1614.386
1667.844
SLV
5123.998
5125.751
5461.954
5710.054
5931.522
6145.752
6116.647
6222.848
6338.035
6350.651
6403.597
6415.151
6450.129
6470.587
6488.896
6632.44
6936.9
7041.206
7238.912
6985.049
7122.675
7355.478
7447.164
7541.399
7634.949
7765.172
7878.833
7984.427
8140.599
8359.115
SRB
17296.265
15143.236
10771.726
7421.955
7563.3
7975.217
8191.983
8844.608
9138.146
8280.682
8870.974
9502.089
10072.238
10514.945
11465.447
12100.345
12749.51
13530.097
14252.508
14071.79
14154.719
14554.716
14369.641
14751.405
14593.524
14797.746
15230.984
15449.886
16471.942
17191.669
SSD


















1819.639
1772.148
1774.725
1835.492
1005.293
1890.685
1973.871
1818.441
1632.439
1805.699
1856.008
2003.319
STP
2494.801
2409.566
2375.375
2341.979
2362.902
2340.413
2381.404
2352.791
2342.742
2427.228
2434.424
2581.183
2590.489
2759.754
2794.234
2940.098
3270.946
3309.667
3182.319
3258.233
3338.083
3403.372
3355.097
3542.583
3713.034
3702.674
3824.108
3904.163
3933.113
3952.072
SUR
12347.294
12774.298
11968.522
10091.786
11556.677
11327.779
11474.377
11708.633
12019.769
11537.57
11604.364
10979.489
12275.955
12907.046
13791.713
14382.617
14997.347
15944.06
16465.668
16692.382
16908.308
17045.972
17695.171
18262.55
18338.615
17718.84
15662.689
14335.574
14570.649
14324.377
SVK
15225.091
12910.414
12015.923
12089.742
12808.938
13694.065
14614.536
15347.273
15944.821
15806.48
16018.095
16670.159
17348.834
17403.159
18536.288
20048.751
21700.347
24054.438
25672.305
24544.281
25508.943
25839.464
26774.978
27194.22
27815.516
28732.932
29476.794
30266.976
31402.877
32113.046
SVN
22041.694
20068.57
18985.149
19559.201
20646.117
21589.805
22257.973
23323.009
24063.075
25360.136
26248.815
27140.361
27871.908
28633.062
29745.526
30971.728
32544.012
34248.588
35285.519
32637.55
33057.605
33266.231
32259.178
31951.683
32939.296
32903.773
34092.91
35987.709
37423.3
38079.534
SWE
33933.985
33006.629
31875.665
30803.918
32471.62
33619.405
34159.404
35221.094
37082.244
39334.1
41236.226
41728.341
42596.219
44027.309
45247.879
46719.458
49214.373
50735.644
50334.696
47236.145
49800.445
50666.295
50115.581
50260.707
51019.898
52074.684
52374.317
53591.279
54019.595
54507.805
SWZ
5422.087
5410.439
5468.966
5356.04
5116.448
5573.517
5846.695
5917.006
5722.941
5907.635
5754.541
6050.522
5883.669
5948.91
6279.879
7044.747
7015.014
7339.11
7242.303
7158.506
7152.226
7608.242
7975.899
8347.911
8301.743
8489.737
7955.206
7995.475
7844.293
7919.058
SYC
14269.136
14588.376
15647.177
16228.648
15931.495
15034.237
15700.513
17527.676
18339.14
18223.659
18239.511
18242.684
16550.645
16347.368
17280.981
18503.934
20054.755
20158.594
19318.399
18471.377
20124.419
20837.195
22278.305
23187.355
23470.885
24103.399
24532.762
25224.471
25922.719
26903.246
SYR
2998.332
3226.521
3391.686
3590.204
4096.053
4317.719
4756.872
4888.02
4852.938
5214.115
5719.935
5887.122
5774.038
6031.309
6654.137
7449.311
8126.957
9002.14
10438.001
10147.758
10865.306
12103.468
8037.55
5109.678
3147.112
2525.653
2092.693
3833.022
3507.818
3613.053
TCD
988.507
1051.397
1103.939
867.926
951.44
935.122
920.977
935.502
978.032
936.434
882.45
947.718
968.861
880.744
1286.896
1366.252
1240.219
1347.14
1302.558
1505.734
1669.431
1628.403
1716.422
1713.53
1778.179
1803.785
1656.383
1566.26
1553.129
1555.374
TGO
1316.283
1278.39
1205.512
1000.472
1088.189
1166.218
1252.487
1390.789
1318.454
1295.657
1253.295
1228.993
1252.637
1305.343
1254.572
1166.604
1166.305
1127.105
1149.479
1179.291
1216.425
1344.546
1318.383
1368.674
1418.423
1497.434
1504.644
1518.097
1558.491
1602.349
THA
7017.607
7510.505
7968.286
8596.368
9188.159
9817.14
10190.49
9749.458
8815.427
9205.011
9628.542
9790.012
10226.898
10815.528
11385.635
11771.306
12378.844
13020.687
13149.573
13007.038
13816.621
14127.155
14752.992
14798.367
15079.24
15468.762
16017.475
16640.064
17202.174
17781.191
TJK
5388.269
4948.022
3428.063
2783.028
2119.58
1805.888
1428.926
1505.074
1562.268
1592.061
1653.012
1759.29
1857.487
2097.898
2411.184
2497.473
2759.314
2839.869
3272.029
2864.49
3051.648
2924.248
3199.684
3753.185
3684.211
3643.269
3522.569
3614.103
3783.947
3953.598
TKM
7264.356
6737.896
5566.788
5493.989
4556.5
4019.177
4207.722
3770.462
3899.774
4423.732
4421.577
4756.614
4609.661
4783.163
4958.364
5241.764
5998.143
6581.848
7260.521
7527.107
7901.463
8787.476
9606.346
10475.047
11310.607
12236.987
13208.635
13615.491
14229.225
14908.671
TLS
2551.915
2745.933
2963.488
3190.403
3304.022
3603.55
3967
4273.119
4164.568
2067.616
3076.802
3395.709
3704.675
3042.589
3296.45
3903.261
5421.155
7202.141
10465.384
8148.199
9697.377
11612.536
10209.303
8862.718
7134.108
5752.704
4528.737
4488.954
4379.015
4440.458
TON
4218.577
4446.205
4422.531
4563.822
4961.265
5013.951
5019.285
4966.327
5182.351
5333.222
5367.146
5464.172
5717.344
5751.727
5705.647
5680.271
5690.364
5440.586
5493.852
5602.057
5812.801
6069.724
6190.23
6066.589
6067.757
6103.705
6420.379
6421.162
6365.596
6364.578
TTO
10445.096
10596.173
10368.565
10249.106
10416.49
10747.585
11490.28
12640.247
13834.357
14883.995
15564.988
16438.562
17812.365
20134.738
22317.563
23161.967
26075.205
26325.701
26452.458
26487.647
27343.576
25328.817
26115.69
27434.276
26870.657
28744.087
26677.617
26502.926
26327.875
26230.716
TUN
5250.177
5276.118
5546.31
5469.721
5554.431
5645.075
5916.46
6186.093
6443.235
6761.611
6943.692
7226.516
7294.418
7663.23
8041.14
8200.499
8633.961
9024.775
9292.523
9549.136
9749.891
9465.73
9789.511
9894.895
10123.323
10189.372
10218.377
10268.514
10422.009
10414.064
TUR
12513.923
12386.182
12812.386
13585.785
12630.256
13489.857
14287.358
15134.295
15308.819
14517.316
15239.122
13968.607
14738.257
15361.292
16677.329
17998.548
19039.138
19789.351
19708.302
18506.111
19867.213
21738.167
22436.124
23895.137
24712.781
25718.756
26121.854
27570.784
27864.13
27700.895
TUV
3462.229
3541.613
3621.98
3730.9
4074.276
3833.739
3611.531
3919.477
4540.682
4451.669
4406.613
5074.832
6002.249
4354.478
4649.556
4434.626
4404.761
4427.178
4740.021
4395.816
4318.204
4245.609
4722.241
4941.096
4637.71
5554.136
6069.165
5583.162
5654.116
6132.202
TZA
1343.355
1332.11
1292.795
1268.448
1252.186
1267.981
1305.86
1313.23
1338.683
1371.268
1396.408
1423.04
1508.034
1555.387
1624.165
1687.238
1779.566
1825.825
1879.383
1924.128
1971.98
2060.737
2099.084
2172.767
2248.116
2310.043
2387.021
2472.825
2531.006
2599.847
UGA
890.418
909.443
898.444
955.668
984.753
1070.025
1136.208
1165.875
1190.004
1247.458
1230.263
1238.565
1317.765
1360.454
1398.703
1437.606
1550.07
1637.137
1726.571
1796.333
1836.972
1949.251
1949.233
1952.396
1982.218
2021.7
2036.516
2026.038
2061.757
2123.269
UKR
16181.753
14706.97
12938.828
10861.913
8531.914
7537.83
6840.583
6694.197
6579.049
6581.554
7025.497
7842.029
8355.941
9247.914
10460.214
10840.036
11673.851
12761.688
13073.682
11077.541
11607.517
12179.548
12309.808
12335.77
12255.99
11272.856
11706.944
12144.014
12657.288
13215.936
URY
9819.909
10226.314
11016.335
11243.711
11942.728
11718.549
12309.214
13359.786
13869.765
13622.568
13298.937
12760.754
11880.773
11417.522
11966.673
13064.988
13678.3
14545.655
15422.762
15977.111
17079.016
17969.084
17772.52
18924.332
19261.878
19679.22
19844.006
20055.802
20091.346
20063.642
USA
40941.566
40327.887
41158.388
41728.249
42821.141
43471.793
44597.192
45972.87
47439.354
49162.321
50662.833
50725.323
51108.75
52170.213
53721.997
55075.014
55975.079
56702.224
56249.935
54314.649
55421.197
55991.689
56789.662
57408.949
58392.761
59559.449
60023.943
61018.952
62666.508
63825.657
UZB
3312.224
3219.147
2793.039
2672.963
2481.132
2411.628
2400.307
2464.227
2543.456
2606.31
2614.439
2721.034
2807.979
2900.813
3100.739
3280.547
3402.975
3911.592
4044.834
4291.811
4714.719
5031.559
5341.206
5701.88
5969.864
6185.698
6415.118
6652.231
6893.752
7141.954
VCT
6309.602
6308.559
6749.948
6957.627
6690.12
7244.777
7394.596
7558.986
7897.808
8170.619
8317.07
8544.884
9065.013
9609.965
9932.476
10202.897
11125.748
11622.826
11812.112
11737.485
11362.645
11295.208
11598.551
11857.699
11948.491
11886.925
12078.058
12158.006
12377.834
12377.654
VEN
16529.459
17804.575
18129.16
17787.987
16935.717
17365.4
16990.452
17068.155
16810.635
15703.784
16027.77
16190.449
14297.097
13001.253
15039.992
16586.084
18115.819
19726.984
20306.142
19180.935
18543.84
18769.802
19481.941
19360.102
18832.765
17213.804
14527.663
12436.192
10380.371
7044.639
VNM
1578.95
1656.342
1798.443
1897.735
2054.588
2242.262
2404.116
2558.024
2670.786
2778.148
3143.939
3308.661
3483.442
3679.915
3941.428
3884.626
4103.887
4328.319
4520.047
4274.033
4920.908
5146.768
5369.674
5586.581
5828.382
6130.124
6504.34
6616.512
7050.807
7432.707
VUT
2854.29
2703.102
2523.107
2520.347
2493.718
2601.697
2650.86
2683.414
2744.333
2851.052
2853.32
2812.946
2614.455
2620.904
2648.248
2678.195
2895.471
2954.291
3216.703
3144.088
3137.732
3109.936
3047.461
3047.832
3062.166
2968.742
3031.825
3082.564
3091.227
3104.799
WSM
5938.879
5697.935
5433.785
5682.17
3700.967
3931.255
4370.056
4379.692
4477.627
4589.567
4880.928
5271.771
5009.707
5243.89
5467.568
5662.869
5653.741
5992.421
5955.895
5915.953
6062.656
5969.899
5703.125
5693.886
5780.675
6237.246
6409.36
6287.699
6126.974
6308.652
YEM
2958.129
2788.322
2762.329
2749.622
2681.535
2915.89
3232.027
3325.112
3504.726
3426.164
3611.962
3754.576
3809.142
3874.708
3892.67
3979.725
4179.637
4209.567
4213.487
4363.312
4304.374
3493.18
3600.009
3607.262
3136.621
2194.613
1845.552
1619.64
1563.988
1593.704
ZAF
9974.994
9725.792
9312.598
9212.297
9312.299
9387.381
9582.037
9660.656
9537.183
9617.403
9881.364
9941.19
10238.534
10388.185
10807.167
11233.344
11711.353
12010.29
12251.733
11999.965
12195.419
12346.453
12403.797
12523.41
12549.48
12528.094
12356.603
12322.437
12231.84
12129.23
ZMB
2015.63
1866.013
1818.721
1940.969
1755.783
1763.636
1836.819
1853.643
1787.271
1848.575
1879.253
1934.226
1978.912
2077.097
2088.712
2154.75
2225.791
2300.915
2499.27
2800.141
2872.212
2873.238
3333.817
3389.723
3263.274
3403.717
3237.725
3330.785
3365.698
3325.519
ZWE
1866.265
1923.188
1737.694
1749.344
1813.452
1781.784
1963.567
1947.604
1909.395
1868.568
1717.099
1759.292
1657.668
1520.074
1452.773
1384.494
1327.169
1290.887
1096.666
1670.364
2016.348
2221.67
2576.404
2673.651
2697.399
2657.714
2681.446
2758.778
2942.03
2665.612